rawdata/00001.bmp 2 168 293 120 170 900 55 50 128
rawdata/00011.bmp 5 273 218 100 160 888 50 62 153 792 387 110 150 684 371 96 171 375 449 113 93
rawdata/00024.bmp 6 369 145 76 142 431 316 81 168 208 392 109 146 674 269 73 159 757 227 89 169 897 62 60 131
rawdata/00057.bmp 15 524 14 66 95 700 6 55 93 798 48 61 116 649 61 61 117 608 123 72 110 603 211 61 130 482 247 69 152 360 241 72 163 180 201 83 140 286 380 92 163 406 462 80 78 542 346 48 154 634 389 69 149 722 302 68 177 873 312 79 173
rawdata/00115.bmp 8 417 71 49 105 204 78 71 111 437 8 56 90 515 17 49 98 568 32 35 100 620 10 30 84 669 6 38 82 729 155 235 280
rawdata/00128.bmp 6 695 74 202 191 185 55 74 100 469 16 44 86 583 6 35 74 369 281 228 270 90 413 116 124
rawdata/00155.bmp 4 498 106 147 217 303 168 62 133 73 50 85 68 656 3 134 91
rawdata/00178.bmp 5 404 66 50 98 109 93 76 115 565 9 103 151 766 186 202 334 6 265 200 277
rawdata/00202.bmp 5 736 45 177 185 479 1 38 63 574 0 98 52 128 150 175 191 541 253 211 295
rawdata/00210.bmp 4 546 195 207 306 712 1 170 168 141 103 166 186 70 295 114 146
rawdata/00230.bmp 6 164 65 127 119 84 221 99 119 267 153 63 107 585 101 127 193 332 225 171 303 7 318 270 226
rawdata/00240.bmp 7 93 264 241 252 375 186 154 226 125 60 158 105 183 158 77 103 319 85 61 105 583 63 116 153 813 252 159 262
rawdata/00257.bmp 10 775 82 165 184 586 10 112 131 421 105 134 170 202 168 197 188 304 56 67 100 399 17 48 91 59 49 183 89 282 333 76 141 379 342 74 190 538 309 193 231
rawdata/00271.bmp 8 563 200 152 220 273 108 154 161 452 67 119 127 445 219 51 139 343 235 61 121 338 353 72 134 388 7 45 76 449 2 40 51
rawdata/00280.bmp 8 481 34 97 124 589 2 94 60 753 2 107 83 566 152 146 175 471 157 55 138 408 266 61 127 373 191 61 107 160 353 120 155
rawdata/00346.bmp 4 60 184 220 268 428 199 172 281 815 191 148 259 757 1 128 99
rawdata/00354.bmp 4 455 152 155 241 793 138 173 207 97 152 193 222 658 360 190 186
